233.364
130.437
135.23
11.0176
2.13064
4.04007
-9565.94
-229598
-37598.5
606500
4.21547e+07
3.77203e+06
121.387
4.53962
16.3222
16.8882
16.4592
16.3319
133.37
4.06991
6.33534
84.2969
3.17227
10.5985
221.222
133.017
139.257
10.3751
2.15787
3.42135
-9757.84
-234391
-67546.1
622813
4.33326e+07
8.24261e+06
107.643
4.65639
11.7057
17.0913
16.4373
16.2982
124.47
5.73982
7.15832
82.6729
4.17565
9.84067
254.288
127.983
128.234
7.52376
0.900194
0.961687
-38708.4
-2.87386e+06
-2.37102e+06
3.92135e+06
1.22565e+09
9.48386e+08
56.607
0.810349
0.924841
15.7417
15.9561
16.0985
26.019
0.685457
0.1666
-3.58258
-4.59813
-4.2432
246.749
129.325
135.032
6.94252
2.15167
5.06815
-45002.9
-217285
-18990.8
4.79463e+06
3.91672e+07
1.51575e+06
48.1985
4.62969
25.6861
16.7895
16.4283
16.1712
38.8703
3.92495
4.47067
29.736
2.85764
9.96569
252.195
128.065
129.135
16.4924
1.46735
2.7781
-3621.49
-664972
-100564
165433
1.74078e+08
1.40167e+07
271.998
2.15313
7.71784
15.2593
16.2581
16.2046
139.787
3.78999
0.8002
-0.565071
-2.9763
-2.01179
255
128
128
0
0
0
-inf
-inf
-inf
inf
inf
inf
0
0
0
15.9176
15.9176
15.9176
0
0
0
-5.54518
-5.54518
-5.54518
255
128
128
0.0121037
0
0.0121037
-9.3511e+12
-inf
-1.18257e+12
5.91023e+17
inf
3.75168e+16
0.000146499
0
0.000146499
15.9183
15.9176
15.9219
0.00118466
0
0.000296132
-5.53637
-5.54518
-5.53914
